15328.19 813.0 1.62 -4.051 0.0 5.27 0.0
15436.85 813.0 0.54 -2.732 0.0 5.27 0.0
15508.81 813.0 1.77 -5.001 0.0 5.27 0.0
15550.8 813.0 1.2 -2.321 0.0 5.27 0.0
15550.8 813.0 1.68 -6.428 0.0 5.27 0.0
15550.8 813.0 1.76 -3.088 0.0 5.27 0.0
15652.02 813.0 1.05 -4.081 0.0 5.27 0.0
15733.19 813.0 1.39 -1.793 0.0 5.27 0.0
15762.05 813.0 1.56 -2.782 0.0 5.27 0.0
15791.66 813.0 1.76 -6.45 0.0 5.27 0.0
16412.65 813.0 1.67 -8.227 0.0 5.27 0.0
16412.65 813.0 0.4 -1.639 0.0 5.27 0.0
16526.58 813.0 0.58 -4.5 0.0 5.27 0.0
16593.31 813.0 1.58 -4.413 0.0 5.27 0.0
16593.31 813.0 0.02 -2.504 0.0 5.27 0.0
16708.53 813.0 1.15 -5.854 0.0 5.27 0.0
16761.66 813.0 0.44 -1.99 0.0 5.27 0.0
16780.58 813.0 0.96 -1.428 0.0 5.27 0.0
16818.02 813.0 1.12 -4.568 0.0 5.27 0.0
16818.02 813.0 0.83 -3.98 0.0 5.27 0.0
16905.17 813.0 1.59 -3.214 0.0 5.27 0.0
16932.19 813.0 1.63 -2.858 0.0 5.27 0.0
16952.85 813.0 0.11 -2.132 0.0 5.27 0.0
