15775.29 608.01216 0.53 -6.951 0.0 11.09 0.0
15788.64 608.01216 0.41 -7.136 0.0 11.09 0.0
15791.49 608.01216 0.4 -7.159 0.0 11.09 0.0
15794.6 608.01216 0.39 -7.183 0.0 11.09 0.0
15797.99 608.01216 0.37 -7.208 0.0 11.09 0.0
15801.65 608.01216 0.36 -7.234 0.0 11.09 0.0
15985.62 608.01216 0.69 -6.676 0.0 11.09 0.0
15987.89 608.01216 0.68 -6.698 0.0 11.09 0.0
15990.45 608.01216 0.67 -6.72 0.0 11.09 0.0
15993.27 608.01216 0.66 -6.743 0.0 11.09 0.0
15996.38 608.01216 0.65 -6.767 0.0 11.09 0.0
16003.44 608.01216 0.63 -6.818 0.0 11.09 0.0
16007.38 608.01216 0.62 -6.845 0.0 11.09 0.0
16011.6 608.01216 0.61 -6.872 0.0 11.09 0.0
16016.1 608.01216 0.6 -6.901 0.0 11.09 0.0
16020.88 608.01216 0.59 -6.932 0.0 11.09 0.0
16031.21 608.01216 4.79 -5.965 0.0 11.09 0.0
16048.98 608.01216 0.56 -7.11 0.0 11.09 0.0
16188.54 608.01216 0.98 -6.316 0.0 11.09 0.0
16190.21 608.01216 0.96 -6.337 0.0 11.09 0.0
16191.0 608.01216 1.17 -6.099 0.0 11.09 0.0
16192.16 608.01216 0.95 -6.358 0.0 11.09 0.0
16194.4 608.01216 0.94 -6.38 0.0 11.09 0.0
16199.74 608.01216 0.92 -6.425 0.0 11.09 0.0
16202.84 608.01216 0.9 -6.449 0.0 11.09 0.0
16206.22 608.01216 0.89 -6.474 0.0 11.09 0.0
16220.38 608.01216 1.35 -5.962 0.0 11.09 0.0
16396.92 608.01216 1.27 -5.992 0.0 11.09 0.0
16398.73 608.01216 1.36 -5.885 0.0 11.09 0.0
16408.33 608.01216 5.45 -4.969 0.0 11.09 0.0
