15008.25 124.0 0.85 -1.222 0.0 2.15 0.0
15017.85 124.0 0.83 -1.267 0.0 2.15 0.0
15023.31 124.0 0.8 -1.315 0.0 2.15 0.0
15037.09 124.0 0.91 -3.475 0.0 2.15 0.0
15037.09 124.0 0.91 -1.16 0.0 2.15 0.0
15048.75 124.0 0.88 -1.199 0.0 2.15 0.0
15060.94 124.0 0.85 -1.241 0.0 2.15 0.0
15068.35 124.0 0.83 -1.287 0.0 2.15 0.0
15074.39 124.0 0.8 -1.338 0.0 2.15 0.0
15075.32 124.0 0.94 -1.14 0.0 2.15 0.0
15076.75 124.0 0.78 -1.393 0.0 2.15 0.0
15089.6 124.0 0.91 -1.177 0.0 2.15 0.0
15104.52 124.0 0.88 -1.217 0.0 2.15 0.0
15122.18 124.0 0.83 -1.308 0.0 2.15 0.0
15126.54 124.0 0.8 -1.36 0.0 2.15 0.0
15130.66 124.0 0.94 -1.156 0.0 2.15 0.0
15148.47 124.0 0.91 -1.194 0.0 2.15 0.0
15151.94 124.0 1.0 -1.102 0.0 2.15 0.0
15160.04 124.0 0.88 -1.235 0.0 2.15 0.0
15170.56 124.0 0.85 -1.28 0.0 2.15 0.0
15171.79 124.0 0.97 -1.136 0.0 2.15 0.0
15176.98 124.0 0.83 -1.329 0.0 2.15 0.0
15190.03 124.0 1.04 -1.084 0.0 2.15 0.0
15192.68 124.0 0.94 -1.172 0.0 2.15 0.0
15301.34 124.0 1.14 -1.033 0.0 2.15 0.0
15318.09 124.0 0.94 -1.204 0.0 2.15 0.0
15325.39 124.0 1.04 -1.11 0.0 2.15 0.0
15331.22 124.0 0.91 -1.245 0.0 2.15 0.0
15334.01 124.0 1.11 -1.061 0.0 2.15 0.0
15346.43 124.0 1.0 -1.144 0.0 2.15 0.0
15367.63 124.0 0.97 -1.18 0.0 2.15 0.0
15369.14 124.0 1.07 -1.091 0.0 2.15 0.0
15373.09 124.0 1.14 -1.044 0.0 2.15 0.0
15383.2 124.0 0.94 -1.22 0.0 2.15 0.0
15392.82 124.0 1.04 -1.124 0.0 2.15 0.0
15411.16 124.0 1.18 -1.028 0.0 2.15 0.0
15412.34 124.0 1.11 -1.073 0.0 2.15 0.0
15417.12 124.0 1.0 -1.158 0.0 2.15 0.0
15435.22 124.0 0.97 -1.195 0.0 2.15 0.0
15438.79 124.0 1.07 -1.104 0.0 2.15 0.0
15454.78 124.0 1.14 -1.055 0.0 2.15 0.0
15466.38 124.0 1.04 -1.137 0.0 2.15 0.0
15484.14 124.0 1.11 -1.085 0.0 2.15 0.0
15487.15 124.0 1.0 -1.172 0.0 2.15 0.0
15496.26 124.0 1.18 -1.038 0.0 2.15 0.0
15515.24 124.0 1.07 -1.116 0.0 2.15 0.0
15528.68 124.0 1.14 -1.066 0.0 2.15 0.0
15538.79 124.0 1.04 -1.15 0.0 2.15 0.0
15563.5 124.0 1.11 -1.096 0.0 2.15 0.0
15572.15 124.0 1.18 -1.048 0.0 2.15 0.0
15589.97 124.0 1.07 -1.128 0.0 2.15 0.0
15610.94 124.0 1.14 -1.077 0.0 2.15 0.0
15614.33 124.0 1.22 -1.031 0.0 2.15 0.0
15640.49 124.0 1.11 -1.108 0.0 2.15 0.0
15657.35 124.0 1.18 -1.059 0.0 2.15 0.0
15690.12 124.0 1.14 -1.088 0.0 2.15 0.0
15702.46 124.0 1.22 -1.041 0.0 2.15 0.0
15738.63 124.0 1.18 -1.069 0.0 2.15 0.0
15785.76 124.0 1.22 -1.05 0.0 2.15 0.0
15831.23 124.0 1.26 -1.033 0.0 2.15 0.0
